1	0	471.3205224952797
1	1	706.9807837429095
1	2	471.3205224952797
1	3	706.9807837429095
1	4	235.66026124763985
1	5	471.3205224952797
1	6	235.66026124763985
1	7	471.3205224952797
1	8	706.9807837429095
1	9	471.3205224952797
1	10	235.66026124763985
1	11	235.66026124763985
1	12	706.9807837429095
1	13	235.66026124763985
1	14	235.66026124763985
1	15	471.3205224952797
1	16	235.66026124763985
1	17	235.66026124763985
1	18	706.9807837429095
1	19	706.9807837429095
1	20	706.9807837429095
1	21	744.4672626569849
1	22	706.9807837429095
1	23	471.3205224952797
1	24	471.3205224952797
1	25	471.3205224952797
1	26	471.3205224952797
1	27	471.3205224952797
1	28	706.9807837429095
1	29	706.9807837429095
1	30	706.9807837429095
1	31	235.66026124763985
1	32	471.3205224952797
1	33	706.9807837429095
1	34	471.3205224952797
1	35	471.3205224952797
1	36	471.3205224952797
1	37	471.3205224952797
1	38	471.3205224952797
1	39	471.3205224952797
1	40	471.3205224952797
1	41	471.3205224952797
1	42	471.3205224952797
1	43	235.66026124763985
1	44	471.3205224952797
1	45	235.66026124763985
1	46	471.3205224952797
1	47	235.66026124763985
1	48	471.3205224952797
1	49	235.66026124763985
1	50	706.9807837429095
1	51	235.66026124763985
1	52	235.66026124763985
1	53	706.9807837429095
1	54	706.9807837429095
1	55	471.3205224952797
1	56	235.66026124763985
1	57	471.3205224952797
1	58	471.3205224952797
1	59	471.3205224952797
1	60	471.3205224952797
1	61	706.9807837429095
1	62	471.3205224952797
1	63	471.3205224952797
1	64	235.66026124763985
1	65	235.66026124763985
1	66	235.66026124763985
1	67	273.14674016171296
1	68	235.66026124763985
1	69	471.3205224952797
1	70	235.66026124763985
1	71	235.66026124763985
1	72	235.66026124763985
1	73	235.66026124763985
1	74	471.3205224952797
1	75	706.9807837429095
1	76	706.9807837429095
1	77	706.9807837429095
1	78	0.0
1	79	0.0
1	80	0.0
1	81	0.0
1	82	235.66026124763985
1	83	471.3205224952797
1	84	235.66026124763985
1	85	235.66026124763985
1	86	471.3205224952797
1	87	235.66026124763985
1	88	235.66026124763985
1	89	0.0
1	90	235.66026124763985
1	91	235.66026124763985
1	92	0.0
1	93	0.0
1	94	0.0
1	95	471.3205224952797
1	96	235.66026124763985
1	97	235.66026124763985
1	98	273.14674016171296
1	99	471.3205224952797
1	100	235.66026124763985
1	101	0.0
1	102	235.66026124763985
1	103	0.0
1	104	235.66026124763985
1	105	0.0
1	106	235.66026124763985
1	107	471.3205224952797
1	108	0.0
1	109	235.66026124763985
1	110	0.0
1	111	235.66026124763985
1	112	235.66026124763985
1	113	235.66026124763985
1	114	235.66026124763985
1	115	235.66026124763985
1	116	0.0
1	117	0.0
1	118	235.66026124763985
1	119	0.0
1	120	0.0
1	121	0.0
1	122	0.0
1	123	235.66026124763985
1	124	235.66026124763985
1	125	235.66026124763985
1	126	0.0
1	127	235.66026124763985
1	128	471.3205224952797
1	129	0.0
1	130	235.66026124763985
1	131	235.66026124763985
1	132	235.66026124763985
1	133	235.66026124763985
1	134	0.0
1	135	235.66026124763985
1	136	235.66026124763985
1	137	0.0
1	138	235.66026124763985
1	139	0.0
1	140	235.66026124763985
1	141	235.66026124763985
1	142	235.66026124763985
1	143	235.66026124763985
1	144	0.0
1	145	235.66026124763985
1	146	0.0
1	147	235.66026124763985
1	148	235.66026124763985
1	149	235.66026124763985
1	150	235.66026124763985
1	151	235.66026124763985
1	152	0.0
1	153	235.66026124763985
1	154	471.3205224952797
1	155	0.0
1	156	235.66026124763985
1	157	0.0
1	158	235.66026124763985
1	159	235.66026124763985
1	160	235.66026124763985
1	161	235.66026124763985
1	162	235.66026124763985
1	163	0.0
1	164	0.0
1	165	0.0
1	166	0.0
1	167	235.66026124763985
1	168	235.66026124763985
1	169	0.0
1	170	235.66026124763985
1	171	0.0
1	172	0.0
1	173	235.66026124763985
1	174	0.0
1	175	0.0
1	176	0.0
1	177	235.66026124763985
1	178	0.0
1	179	235.66026124763985
1	180	0.0
1	181	0.0
1	182	235.66026124763985
1	183	235.66026124763985
1	184	235.66026124763985
1	185	235.66026124763985
1	186	235.66026124763985
1	187	235.66026124763985
1	188	0.0
1	189	471.3205224952797
1	190	235.66026124763985
1	191	0.0
1	192	0.0
1	193	0.0
1	194	0.0
1	195	235.66026124763985
1	196	235.66026124763985
1	197	235.66026124763985
1	198	0.0
1	199	235.66026124763985
1	200	235.66026124763985
1	201	235.66026124763985
1	202	0.0
1	203	235.66026124763985
1	204	0.0
1	205	235.66026124763985
1	206	0.0
1	207	471.3205224952797
1	208	235.66026124763985
1	209	235.66026124763985
1	210	235.66026124763985
1	211	0.0
1	212	0.0
1	213	235.66026124763985
1	214	0.0
1	215	235.66026124763985
1	216	273.14674016171296
1	217	0.0
1	218	0.0
1	219	0.0
1	220	0.0
1	221	0.0
1	222	235.66026124763985
1	223	273.14674016171296
1	224	0.0
1	225	235.66026124763985
1	226	235.66026124763985
1	227	235.66026124763985
1	228	235.66026124763985
1	229	235.66026124763985
1	230	0.0
1	231	235.66026124763985
1	232	0.0
1	233	0.0
1	234	235.66026124763985
1	235	235.66026124763985
1	236	471.3205224952797
1	237	0.0
1	238	0.0
1	239	235.66026124763985
1	240	0.0
1	241	471.3205224952797
1	242	0.0
1	243	471.3205224952797
1	244	0.0
1	245	235.66026124763985
1	246	0.0
1	247	0.0
1	248	471.3205224952797
1	249	0.0
1	250	235.66026124763985
1	251	0.0
1	252	235.66026124763985
1	253	235.66026124763985
1	254	0.0
1	255	0.0
1	256	0.0
1	257	0.0
1	258	235.66026124763985
1	259	235.66026124763985
1	260	235.66026124763985
1	261	0.0
1	262	0.0
1	263	0.0
1	264	235.66026124763985
1	265	0.0
1	266	235.66026124763985
1	267	0.0
1	268	0.0
1	269	471.3205224952797
1	270	0.0
1	271	235.66026124763985
1	272	0.0
1	273	235.66026124763985
1	274	235.66026124763985
1	275	0.0
1	276	0.0
1	277	235.66026124763985
1	278	235.66026124763985
1	279	235.66026124763985
1	280	0.0
1	281	235.66026124763985
1	282	0.0
1	283	235.66026124763985
1	284	235.66026124763985
1	285	0.0
1	286	0.0
1	287	0.0
1	288	0.0
1	289	471.3205224952797
1	290	235.66026124763985
1	291	0.0
1	292	235.66026124763985
1	293	0.0
1	294	235.66026124763985
1	295	0.0
1	296	0.0
1	297	235.66026124763985
1	298	235.66026124763985
1	299	471.3205224952797
1	300	235.66026124763985
1	301	235.66026124763985
1	302	471.3205224952797
1	303	0.0
1	304	235.66026124763985
1	305	0.0
1	306	0.0
1	307	0.0
1	308	235.66026124763985
1	309	0.0
1	310	235.66026124763985
1	311	0.0
1	312	0.0
1	313	235.66026124763985
1	314	235.66026124763985
1	315	235.66026124763985
1	316	235.66026124763985
1	317	235.66026124763985
1	318	471.3205224952797
1	319	471.3205224952797
1	320	235.66026124763985
1	321	0.0
1	322	235.66026124763985
1	323	0.0
1	324	0.0
1	325	471.3205224952797
1	326	235.66026124763985
1	327	0.0
1	328	235.66026124763985
1	329	235.66026124763985
1	330	235.66026124763985
1	331	0.0
1	332	0.0
1	333	0.0
1	334	0.0
1	335	0.0
1	336	235.66026124763985
1	337	235.66026124763985
1	338	0.0
1	339	0.0
1	340	235.66026124763985
1	341	0.0
1	342	273.14674016171296
1	343	235.66026124763985
1	344	235.66026124763985
1	345	0.0
1	346	0.0
1	347	235.66026124763985
1	348	0.0
1	349	235.66026124763985
1	350	0.0
1	351	0.0
1	352	235.66026124763985
1	353	235.66026124763985
1	354	0.0
1	355	471.3205224952797
1	356	0.0
1	357	0.0
1	358	235.66026124763985
1	359	235.66026124763985
1	360	235.66026124763985
1	361	235.66026124763985
1	362	0.0
1	363	235.66026124763985
1	364	235.66026124763985
1	365	235.66026124763985
1	366	0.0
1	367	0.0
1	368	0.0
1	369	0.0
1	370	235.66026124763985
1	371	0.0
1	372	0.0
1	373	0.0
1	374	0.0
1	375	471.3205224952797
1	376	0.0
1	377	0.0
1	378	0.0
1	379	0.0
1	380	0.0
1	381	0.0
1	382	235.66026124763985
1	383	235.66026124763985
1	384	235.66026124763985
1	385	235.66026124763985
1	386	0.0
1	387	0.0
1	388	235.66026124763985
1	389	235.66026124763985
1	390	0.0
1	391	235.66026124763985
1	392	0.0
1	393	0.0
1	394	0.0
1	395	235.66026124763985
1	396	235.66026124763985
1	397	235.66026124763985
1	398	471.3205224952797
1	399	0.0
1	400	471.3205224952797
1	401	0.0
1	402	0.0
1	403	273.14674016171296
1	404	235.66026124763985
1	405	0.0
1	406	0.0
1	407	0.0
1	408	235.66026124763985
1	409	235.66026124763985
1	410	235.66026124763985
1	411	235.66026124763985
1	412	235.66026124763985
1	413	235.66026124763985
1	414	0.0
1	415	0.0
1	416	0.0
1	417	235.66026124763985
1	418	0.0
1	419	235.66026124763985
1	420	0.0
1	421	235.66026124763985
1	422	471.3205224952797
1	423	0.0
1	424	235.66026124763985
1	425	235.66026124763985
1	426	235.66026124763985
1	427	0.0
1	428	235.66026124763985
1	429	235.66026124763985
1	430	0.0
1	431	0.0
1	432	0.0
1	433	0.0
1	434	471.3205224952797
1	435	235.66026124763985
1	436	0.0
1	437	273.14674016171296
1	438	0.0
1	439	235.66026124763985
1	440	235.66026124763985
1	441	0.0
1	442	235.66026124763985
1	443	235.66026124763985
1	444	0.0
1	445	0.0
1	446	0.0
1	447	471.3205224952797
1	448	0.0
1	449	0.0
1	450	235.66026124763985
1	451	235.66026124763985
1	452	0.0
1	453	0.0
1	454	235.66026124763985
1	455	235.66026124763985
1	456	0.0
1	457	0.0
1	458	235.66026124763985
1	459	235.66026124763985
1	460	0.0
1	461	235.66026124763985
1	462	235.66026124763985
1	463	235.66026124763985
1	464	471.3205224952797
1	465	235.66026124763985
1	466	0.0
1	467	471.3205224952797
1	468	0.0
1	469	0.0
1	470	0.0
1	471	0.0
1	472	235.66026124763985
1	473	471.3205224952797
1	474	0.0
1	475	0.0
1	476	0.0
1	477	235.66026124763985
1	478	0.0
1	479	0.0
1	480	235.66026124763985
1	481	0.0
1	482	235.66026124763985
1	483	235.66026124763985
1	484	0.0
1	485	235.66026124763985
1	486	235.66026124763985
1	487	0.0
1	488	471.3205224952797
1	489	235.66026124763985
1	490	235.66026124763985
1	491	0.0
1	492	0.0
1	493	0.0
1	494	0.0
1	495	235.66026124763985
1	496	0.0
1	497	235.66026124763985
1	498	235.66026124763985
1	499	235.66026124763985
1	500	235.66026124763985
1	501	235.66026124763985
1	502	235.66026124763985
1	503	235.66026124763985
1	504	235.66026124763985
1	505	235.66026124763985
1	506	235.66026124763985
1	507	0.0
1	508	235.66026124763985
1	509	235.66026124763985
1	510	471.3205224952797
1	511	0.0
1	512	235.66026124763985
1	513	235.66026124763985
1	514	0.0
1	515	235.66026124763985
1	516	0.0
1	517	0.0
1	518	235.66026124763985
1	519	235.66026124763985
1	520	0.0
1	521	235.66026124763985
1	522	235.66026124763985
1	523	235.66026124763985
1	524	0.0
1	525	235.66026124763985
1	526	235.66026124763985
1	527	235.66026124763985
1	528	235.66026124763985
1	529	471.3205224952797
1	530	0.0
1	531	0.0
1	532	235.66026124763985
1	533	235.66026124763985
1	534	0.0
1	535	235.66026124763985
1	536	235.66026124763985
1	537	235.66026124763985
1	538	235.66026124763985
1	539	471.3205224952797
1	540	0.0
1	541	235.66026124763985
1	542	0.0
1	543	0.0
1	544	235.66026124763985
1	545	235.66026124763985
1	546	0.0
1	547	0.0
1	548	235.66026124763985
1	549	235.66026124763985
1	550	235.66026124763985
1	551	235.66026124763985
1	552	0.0
1	553	235.66026124763985
1	554	235.66026124763985
1	555	235.66026124763985
1	556	235.66026124763985
1	557	235.66026124763985
1	558	235.66026124763985
1	559	0.0
1	560	0.0
1	561	235.66026124763985
1	562	0.0
1	563	0.0
1	564	0.0
1	565	0.0
1	566	0.0
1	567	0.0
1	568	235.66026124763985
1	569	235.66026124763985
1	570	471.3205224952797
1	571	0.0
1	572	235.66026124763985
1	573	0.0
1	574	235.66026124763985
1	575	235.66026124763985
1	576	0.0
1	577	0.0
1	578	0.0
1	579	235.66026124763985
1	580	0.0
1	581	0.0
1	582	0.0
1	583	0.0
1	584	235.66026124763985
1	585	0.0
1	586	235.66026124763985
1	587	235.66026124763985
1	588	235.66026124763985
1	589	471.3205224952797
1	590	0.0
1	591	235.66026124763985
1	592	235.66026124763985
1	593	235.66026124763985
1	594	0.0
1	595	235.66026124763985
1	596	235.66026124763985
1	597	235.66026124763985
1	598	235.66026124763985
1	599	0.0
1	600	235.66026124763985
1	601	235.66026124763985
1	602	235.66026124763985
1	603	0.0
1	604	0.0
1	605	0.0
1	606	235.66026124763985
1	607	235.66026124763985
1	608	273.14674016171296
1	609	235.66026124763985
1	610	0.0
1	611	235.66026124763985
1	612	0.0
1	613	0.0
1	614	471.3205224952797
1	615	235.66026124763985
1	616	0.0
1	617	235.66026124763985
1	618	471.3205224952797
1	619	0.0
1	620	235.66026124763985
1	621	0.0
1	622	0.0
1	623	235.66026124763985
1	624	0.0
1	625	471.3205224952797
1	626	0.0
1	627	0.0
1	628	235.66026124763985
1	629	235.66026124763985
1	630	235.66026124763985
1	631	0.0
1	632	471.3205224952797
1	633	0.0
1	634	235.66026124763985
1	635	0.0
1	636	0.0
1	637	0.0
1	638	235.66026124763985
1	639	235.66026124763985
1	640	0.0
1	641	0.0
1	642	235.66026124763985
1	643	0.0
1	644	235.66026124763985
1	645	235.66026124763985
1	646	0.0
1	647	0.0
1	648	235.66026124763985
1	649	0.0
1	650	235.66026124763985
1	651	235.66026124763985
1	652	235.66026124763985
1	653	0.0
1	654	235.66026124763985
1	655	235.66026124763985
1	656	471.3205224952797
1	657	235.66026124763985
1	658	0.0
1	659	235.66026124763985
1	660	235.66026124763985
1	661	0.0
1	662	235.66026124763985
1	663	0.0
1	664	0.0
1	665	235.66026124763985
1	666	471.3205224952797
1	667	0.0
1	668	0.0
1	669	235.66026124763985
1	670	235.66026124763985
1	671	235.66026124763985
1	672	235.66026124763985
1	673	235.66026124763985
1	674	235.66026124763985
1	675	471.3205224952797
1	676	235.66026124763985
1	677	235.66026124763985
1	678	235.66026124763985
1	679	235.66026124763985
1	680	0.0
1	681	235.66026124763985
1	682	0.0
1	683	235.66026124763985
1	684	235.66026124763985
1	685	235.66026124763985
1	686	235.66026124763985
1	687	235.66026124763985
1	688	235.66026124763985
1	689	235.66026124763985
1	690	235.66026124763985
1	691	235.66026124763985
1	692	0.0
1	693	235.66026124763985
1	694	235.66026124763985
1	695	235.66026124763985
1	696	0.0
1	697	235.66026124763985
1	698	235.66026124763985
1	699	273.14674016171296
1	700	471.3205224952797
1	701	235.66026124763985
1	702	235.66026124763985
1	703	235.66026124763985
1	704	235.66026124763985
1	705	235.66026124763985
1	706	235.66026124763985
1	707	0.0
1	708	0.0
1	709	235.66026124763985
1	710	235.66026124763985
1	711	235.66026124763985
1	712	235.66026124763985
1	713	0.0
1	714	235.66026124763985
1	715	0.0
1	716	235.66026124763985
1	717	235.66026124763985
1	718	235.66026124763985
1	719	235.66026124763985
1	720	235.66026124763985
1	721	235.66026124763985
1	722	0.0
1	723	235.66026124763985
1	724	471.3205224952797
1	725	0.0
1	726	0.0
1	727	235.66026124763985
1	728	0.0
1	729	235.66026124763985
1	730	0.0
1	731	235.66026124763985
1	732	235.66026124763985
1	733	0.0
1	734	0.0
1	735	235.66026124763985
1	736	235.66026124763985
1	737	235.66026124763985
1	738	235.66026124763985
1	739	235.66026124763985
1	740	235.66026124763985
1	741	0.0
1	742	235.66026124763985
1	743	0.0
1	744	0.0
1	745	235.66026124763985
1	746	235.66026124763985
1	747	235.66026124763985
1	748	235.66026124763985
1	749	235.66026124763985
1	750	235.66026124763985
1	751	235.66026124763985
1	752	235.66026124763985
1	753	0.0
1	754	0.0
1	755	235.66026124763985
1	756	235.66026124763985
1	757	471.3205224952797
1	758	0.0
1	759	235.66026124763985
1	760	235.66026124763985
1	761	0.0
1	762	0.0
1	763	235.66026124763985
1	764	0.0
1	765	235.66026124763985
1	766	235.66026124763985
1	767	0.0
1	768	235.66026124763985
1	769	0.0
1	770	0.0
1	771	235.66026124763985
1	772	235.66026124763985
1	773	235.66026124763985
1	774	235.66026124763985
1	775	235.66026124763985
1	776	235.66026124763985
1	777	0.0
1	778	235.66026124763985
1	779	0.0
1	780	235.66026124763985
1	781	0.0
1	782	0.0
1	783	0.0
1	784	235.66026124763985
1	785	0.0
1	786	0.0
1	787	0.0
1	788	0.0
1	789	0.0
1	790	235.66026124763985
1	791	0.0
1	792	0.0
1	793	0.0
1	794	235.66026124763985
1	795	471.3205224952797
1	796	235.66026124763985
1	797	0.0
1	798	235.66026124763985
1	799	235.66026124763985
1	800	235.66026124763985
1	801	235.66026124763985
1	802	235.66026124763985
1	803	235.66026124763985
1	804	0.0
1	805	235.66026124763985
1	806	235.66026124763985
1	807	235.66026124763985
1	808	0.0
1	809	235.66026124763985
1	810	0.0
1	811	235.66026124763985
1	812	471.3205224952797
1	813	0.0
1	814	0.0
1	815	0.0
1	816	0.0
1	817	471.3205224952797
1	818	235.66026124763985
1	819	0.0
1	820	235.66026124763985
1	821	0.0
1	822	471.3205224952797
1	823	235.66026124763985
1	824	235.66026124763985
1	825	235.66026124763985
1	826	235.66026124763985
1	827	0.0
1	828	0.0
1	829	471.3205224952797
1	830	235.66026124763985
1	831	471.3205224952797
1	832	0.0
1	833	235.66026124763985
1	834	0.0
1	835	235.66026124763985
1	836	235.66026124763985
1	837	0.0
1	838	0.0
1	839	235.66026124763985
1	840	235.66026124763985
1	841	235.66026124763985
1	842	0.0
1	843	0.0
1	844	0.0
1	845	471.3205224952797
1	846	235.66026124763985
1	847	235.66026124763985
1	848	0.0
1	849	235.66026124763985
1	850	0.0
1	851	235.66026124763985
1	852	235.66026124763985
1	853	235.66026124763985
1	854	235.66026124763985
1	855	235.66026124763985
1	856	0.0
1	857	235.66026124763985
1	858	0.0
1	859	235.66026124763985
1	860	0.0
1	861	235.66026124763985
1	862	235.66026124763985
1	863	235.66026124763985
1	864	0.0
1	865	0.0
1	866	235.66026124763985
1	867	0.0
1	868	0.0
1	869	235.66026124763985
1	870	235.66026124763985
1	871	0.0
1	872	235.66026124763985
1	873	235.66026124763985
1	874	471.3205224952797
1	875	0.0
1	876	235.66026124763985
1	877	235.66026124763985
1	878	0.0
1	879	235.66026124763985
1	880	235.66026124763985
1	881	235.66026124763985
1	882	0.0
1	883	0.0
1	884	0.0
1	885	471.3205224952797
1	886	235.66026124763985
1	887	0.0
1	888	235.66026124763985
1	889	235.66026124763985
1	890	235.66026124763985
1	891	235.66026124763985
1	892	235.66026124763985
1	893	235.66026124763985
1	894	235.66026124763985
1	895	0.0
1	896	235.66026124763985
1	897	235.66026124763985
1	898	235.66026124763985
1	899	0.0
1	900	471.3205224952797
1	901	235.66026124763985
1	902	0.0
1	903	471.3205224952797
1	904	235.66026124763985
1	905	235.66026124763985
1	906	0.0
1	907	0.0
1	908	0.0
1	909	235.66026124763985
1	910	235.66026124763985
1	911	235.66026124763985
1	912	235.66026124763985
1	913	0.0
1	914	471.3205224952797
1	915	235.66026124763985
1	916	235.66026124763985
1	917	471.3205224952797
1	918	235.66026124763985
1	919	0.0
1	920	235.66026124763985
1	921	0.0
1	922	235.66026124763985
1	923	235.66026124763985
1	924	471.3205224952797
1	925	235.66026124763985
1	926	471.3205224952797
1	927	0.0
1	928	0.0
1	929	0.0
1	930	235.66026124763985
1	931	235.66026124763985
1	932	0.0
1	933	0.0
1	934	235.66026124763985
1	935	235.66026124763985
1	936	235.66026124763985
1	937	235.66026124763985
1	938	235.66026124763985
1	939	471.3205224952797
1	940	235.66026124763985
1	941	0.0
1	942	235.66026124763985
1	943	235.66026124763985
1	944	0.0
1	945	0.0
1	946	471.3205224952797
1	947	235.66026124763985
1	948	235.66026124763985
1	949	235.66026124763985
1	950	235.66026124763985
1	951	235.66026124763985
1	952	235.66026124763985
1	953	471.3205224952797
1	954	235.66026124763985
1	955	235.66026124763985
1	956	235.66026124763985
1	957	235.66026124763985
1	958	0.0
1	959	235.66026124763985
1	960	235.66026124763985
1	961	235.66026124763985
1	962	0.0
1	963	471.3205224952797
1	964	0.0
1	965	0.0
1	966	0.0
1	967	235.66026124763985
1	968	235.66026124763985
1	969	235.66026124763985
1	970	235.66026124763985
1	971	235.66026124763985
1	972	471.3205224952797
1	973	0.0
1	974	471.3205224952797
1	975	235.66026124763985
1	976	0.0
1	977	235.66026124763985
1	978	235.66026124763985
1	979	235.66026124763985
1	980	235.66026124763985
1	981	235.66026124763985
1	982	0.0
1	983	0.0
1	984	471.3205224952797
1	985	235.66026124763985
1	986	235.66026124763985
1	987	235.66026124763985
1	988	235.66026124763985
1	989	235.66026124763985
1	990	235.66026124763985
1	991	235.66026124763985
1	992	235.66026124763985
1	993	235.66026124763985
1	994	235.66026124763985
1	995	235.66026124763985
1	996	235.66026124763985
1	997	235.66026124763985
1	998	235.66026124763985
1	999	235.66026124763985
1	1000	235.66026124763985
1	1001	235.66026124763985
1	1002	0.0
1	1003	0.0
1	1004	235.66026124763985
1	1005	0.0
1	1006	0.0
1	1007	0.0
1	1008	0.0
1	1009	0.0
1	1010	235.66026124763985
1	1011	235.66026124763985
1	1012	235.66026124763985
1	1013	0.0
1	1014	235.66026124763985
1	1015	235.66026124763985
1	1016	235.66026124763985
1	1017	235.66026124763985
1	1018	0.0
1	1019	235.66026124763985
1	1020	0.0
1	1021	0.0
1	1022	0.0
1	1023	235.66026124763985
1	1024	235.66026124763985
1	1025	471.3205224952797
1	1026	471.3205224952797
1	1027	0.0
1	1028	471.3205224952797
1	1029	0.0
1	1030	0.0
1	1031	235.66026124763985
1	1032	235.66026124763985
1	1033	0.0
1	1034	235.66026124763985
1	1035	0.0
1	1036	235.66026124763985
1	1037	235.66026124763985
1	1038	235.66026124763985
1	1039	0.0
1	1040	235.66026124763985
1	1041	0.0
1	1042	235.66026124763985
1	1043	0.0
1	1044	0.0
1	1045	471.3205224952797
1	1046	471.3205224952797
1	1047	235.66026124763985
1	1048	235.66026124763985
1	1049	235.66026124763985
1	1050	0.0
1	1051	235.66026124763985
1	1052	471.3205224952797
1	1053	235.66026124763985
1	1054	0.0
1	1055	235.66026124763985
1	1056	235.66026124763985
1	1057	0.0
1	1058	235.66026124763985
1	1059	0.0
1	1060	0.0
1	1061	0.0
1	1062	235.66026124763985
1	1063	0.0
1	1064	0.0
1	1065	235.66026124763985
1	1066	235.66026124763985
1	1067	0.0
1	1068	0.0
1	1069	0.0
1	1070	0.0
1	1071	235.66026124763985
1	1072	0.0
1	1073	471.3205224952797
1	1074	0.0
1	1075	0.0
1	1076	235.66026124763985
1	1077	0.0
2	0	471.3205224952797
2	1	471.3205224952797
2	2	471.3205224952797
2	3	471.3205224952797
2	4	471.3205224952797
2	5	471.3205224952797
2	6	235.66026124763985
2	7	235.66026124763985
2	8	235.66026124763985
2	9	235.66026124763985
2	10	471.3205224952797
2	11	706.9807837429095
2	12	235.66026124763985
2	13	235.66026124763985
2	14	471.3205224952797
2	15	235.66026124763985
2	16	235.66026124763985
2	17	235.66026124763985
2	18	235.66026124763985
2	19	471.3205224952797
2	20	471.3205224952797
2	21	471.3205224952797
2	22	235.66026124763985
2	23	235.66026124763985
2	24	235.66026124763985
2	25	471.3205224952797
2	26	706.9807837429095
2	27	235.66026124763985
2	28	706.9807837429095
2	29	471.3205224952797
2	30	0.0
2	31	235.66026124763985
2	32	471.3205224952797
2	33	0.0
2	34	0.0
2	35	235.66026124763985
2	36	0.0
2	37	235.66026124763985
2	38	235.66026124763985
2	39	235.66026124763985
2	40	471.3205224952797
2	41	235.66026124763985
2	42	235.66026124763985
2	43	235.66026124763985
2	44	235.66026124763985
2	45	471.3205224952797
2	46	0.0
2	47	471.3205224952797
2	48	235.66026124763985
2	49	0.0
2	50	0.0
2	51	235.66026124763985
2	52	471.3205224952797
2	53	235.66026124763985
2	54	235.66026124763985
2	55	235.66026124763985
2	56	0.0
2	57	471.3205224952797
2	58	471.3205224952797
2	59	0.0
2	60	0.0
2	61	0.0
2	62	0.0
2	63	235.66026124763985
2	64	0.0
2	65	235.66026124763985
2	66	235.66026124763985
2	67	235.66026124763985
2	68	471.3205224952797
2	69	235.66026124763985
2	70	471.3205224952797
2	71	235.66026124763985
2	72	235.66026124763985
2	73	235.66026124763985
2	74	235.66026124763985
2	75	235.66026124763985
2	76	0.0
2	77	235.66026124763985
2	78	471.3205224952797
2	79	0.0
2	80	235.66026124763985
2	81	235.66026124763985
2	82	471.3205224952797
2	83	235.66026124763985
2	84	0.0
2	85	471.3205224952797
2	86	0.0
2	87	0.0
2	88	471.3205224952797
2	89	235.66026124763985
2	90	0.0
2	91	235.66026124763985
2	92	471.3205224952797
2	93	235.66026124763985
2	94	0.0
2	95	235.66026124763985
2	96	235.66026124763985
2	97	471.3205224952797
2	98	0.0
2	99	235.66026124763985
2	100	235.66026124763985
2	101	235.66026124763985
2	102	471.3205224952797
2	103	235.66026124763985
2	104	471.3205224952797
2	105	471.3205224952797
2	106	0.0
2	107	235.66026124763985
2	108	471.3205224952797
2	109	0.0
2	110	235.66026124763985
2	111	471.3205224952797
2	112	0.0
2	113	0.0
2	114	235.66026124763985
2	115	0.0
2	116	235.66026124763985
2	117	235.66026124763985
2	118	0.0
2	119	0.0
2	120	0.0
2	121	0.0
2	122	471.3205224952797
2	123	471.3205224952797
2	124	0.0
2	125	0.0
2	126	235.66026124763985
2	127	235.66026124763985
2	128	471.3205224952797
2	129	235.66026124763985
2	130	0.0
2	131	471.3205224952797
2	132	235.66026124763985
2	133	471.3205224952797
2	134	235.66026124763985
2	135	471.3205224952797
2	136	471.3205224952797
2	137	0.0
2	138	235.66026124763985
2	139	235.66026124763985
2	140	235.66026124763985
2	141	235.66026124763985
2	142	235.66026124763985
2	143	235.66026124763985
2	144	235.66026124763985
2	145	235.66026124763985
2	146	235.66026124763985
2	147	471.3205224952797
2	148	273.14674016171296
2	149	235.66026124763985
2	150	0.0
2	151	0.0
2	152	235.66026124763985
2	153	235.66026124763985
2	154	0.0
2	155	471.3205224952797
2	156	0.0
2	157	235.66026124763985
2	158	0.0
2	159	235.66026124763985
2	160	235.66026124763985
2	161	235.66026124763985
2	162	0.0
2	163	235.66026124763985
2	164	0.0
2	165	471.3205224952797
2	166	0.0
2	167	235.66026124763985
2	168	235.66026124763985
2	169	0.0
2	170	235.66026124763985
2	171	471.3205224952797
2	172	0.0
2	173	235.66026124763985
2	174	471.3205224952797
2	175	235.66026124763985
2	176	0.0
2	177	471.3205224952797
2	178	0.0
2	179	0.0
2	180	0.0
2	181	235.66026124763985
2	182	471.3205224952797
2	183	235.66026124763985
2	184	471.3205224952797
2	185	0.0
2	186	235.66026124763985
2	187	235.66026124763985
2	188	235.66026124763985
2	189	235.66026124763985
2	190	0.0
2	191	0.0
2	192	471.3205224952797
2	193	235.66026124763985
2	194	235.66026124763985
2	195	0.0
2	196	235.66026124763985
2	197	235.66026124763985
2	198	235.66026124763985
2	199	471.3205224952797
2	200	235.66026124763985
2	201	471.3205224952797
2	202	0.0
2	203	235.66026124763985
2	204	0.0
2	205	0.0
2	206	235.66026124763985
2	207	0.0
2	208	235.66026124763985
2	209	471.3205224952797
2	210	471.3205224952797
2	211	0.0
2	212	471.3205224952797
2	213	235.66026124763985
2	214	235.66026124763985
2	215	0.0
2	216	235.66026124763985
2	217	471.3205224952797
2	218	0.0
2	219	0.0
2	220	235.66026124763985
2	221	471.3205224952797
2	222	471.3205224952797
2	223	0.0
2	224	0.0
2	225	235.66026124763985
2	226	471.3205224952797
2	227	235.66026124763985
2	228	235.66026124763985
2	229	235.66026124763985
2	230	235.66026124763985
2	231	0.0
2	232	471.3205224952797
2	233	471.3205224952797
2	234	235.66026124763985
2	235	0.0
2	236	0.0
2	237	235.66026124763985
2	238	0.0
2	239	0.0
2	240	0.0
2	241	0.0
2	242	235.66026124763985
2	243	235.66026124763985
2	244	0.0
2	245	235.66026124763985
2	246	471.3205224952797
2	247	0.0
2	248	471.3205224952797
2	249	0.0
2	250	0.0
2	251	471.3205224952797
2	252	235.66026124763985
2	253	0.0
2	254	471.3205224952797
2	255	0.0
2	256	0.0
2	257	235.66026124763985
2	258	235.66026124763985
2	259	471.3205224952797
2	260	0.0
2	261	235.66026124763985
2	262	0.0
2	263	235.66026124763985
2	264	235.66026124763985
2	265	235.66026124763985
2	266	235.66026124763985
2	267	0.0
2	268	0.0
2	269	471.3205224952797
2	270	0.0
2	271	235.66026124763985
2	272	471.3205224952797
2	273	235.66026124763985
2	274	235.66026124763985
2	275	471.3205224952797
2	276	0.0
2	277	0.0
2	278	0.0
2	279	471.3205224952797
2	280	0.0
2	281	235.66026124763985
2	282	0.0
2	283	0.0
2	284	0.0
2	285	235.66026124763985
2	286	471.3205224952797
2	287	235.66026124763985
2	288	235.66026124763985
2	289	0.0
2	290	0.0
2	291	0.0
2	292	235.66026124763985
2	293	235.66026124763985
2	294	235.66026124763985
2	295	0.0
2	296	471.3205224952797
2	297	235.66026124763985
2	298	235.66026124763985
2	299	471.3205224952797
2	300	235.66026124763985
2	301	235.66026124763985
2	302	0.0
2	303	0.0
2	304	0.0
2	305	235.66026124763985
2	306	235.66026124763985
2	307	471.3205224952797
2	308	471.3205224952797
2	309	0.0
2	310	471.3205224952797
2	311	235.66026124763985
2	312	471.3205224952797
2	313	0.0
2	314	471.3205224952797
2	315	0.0
2	316	0.0
2	317	235.66026124763985
2	318	0.0
2	319	471.3205224952797
2	320	0.0
2	321	471.3205224952797
2	322	235.66026124763985
2	323	0.0
2	324	235.66026124763985
2	325	235.66026124763985
2	326	0.0
2	327	235.66026124763985
2	328	0.0
2	329	0.0
2	330	0.0
2	331	0.0
2	332	0.0
2	333	235.66026124763985
2	334	0.0
2	335	471.3205224952797
2	336	0.0
2	337	235.66026124763985
2	338	0.0
2	339	0.0
2	340	0.0
2	341	235.66026124763985
2	342	471.3205224952797
2	343	0.0
2	344	0.0
2	345	235.66026124763985
2	346	0.0
2	347	235.66026124763985
2	348	235.66026124763985
2	349	235.66026124763985
2	350	235.66026124763985
2	351	235.66026124763985
2	352	0.0
2	353	0.0
2	354	0.0
2	355	235.66026124763985
2	356	235.66026124763985
2	357	235.66026124763985
2	358	0.0
2	359	471.3205224952797
2	360	0.0
2	361	235.66026124763985
2	362	235.66026124763985
2	363	471.3205224952797
2	364	471.3205224952797
2	365	471.3205224952797
2	366	235.66026124763985
2	367	235.66026124763985
2	368	471.3205224952797
2	369	471.3205224952797
2	370	235.66026124763985
2	371	0.0
2	372	0.0
2	373	0.0
2	374	0.0
2	375	235.66026124763985
2	376	0.0
2	377	471.3205224952797
2	378	235.66026124763985
2	379	0.0
2	380	0.0
2	381	235.66026124763985
2	382	0.0
2	383	235.66026124763985
2	384	235.66026124763985
2	385	235.66026124763985
2	386	471.3205224952797
2	387	0.0
2	388	235.66026124763985
2	389	0.0
2	390	235.66026124763985
2	391	235.66026124763985
2	392	0.0
2	393	235.66026124763985
2	394	235.66026124763985
2	395	0.0
2	396	0.0
2	397	0.0
2	398	0.0
2	399	235.66026124763985
2	400	235.66026124763985
2	401	0.0
2	402	235.66026124763985
2	403	0.0
2	404	471.3205224952797
2	405	235.66026124763985
2	406	0.0
2	407	235.66026124763985
2	408	235.66026124763985
2	409	471.3205224952797
2	410	0.0
2	411	0.0
2	412	235.66026124763985
2	413	0.0
2	414	0.0
2	415	0.0
2	416	235.66026124763985
2	417	0.0
2	418	0.0
2	419	471.3205224952797
2	420	235.66026124763985
2	421	235.66026124763985
2	422	0.0
2	423	0.0
2	424	471.3205224952797
2	425	0.0
2	426	235.66026124763985
2	427	471.3205224952797
2	428	471.3205224952797
2	429	235.66026124763985
2	430	235.66026124763985
2	431	235.66026124763985
2	432	235.66026124763985
2	433	235.66026124763985
2	434	235.66026124763985
2	435	235.66026124763985
2	436	471.3205224952797
2	437	235.66026124763985
2	438	0.0
2	439	471.3205224952797
2	440	235.66026124763985
2	441	235.66026124763985
2	442	235.66026124763985
2	443	235.66026124763985
2	444	235.66026124763985
2	445	235.66026124763985
2	446	471.3205224952797
2	447	0.0
2	448	235.66026124763985
2	449	235.66026124763985
2	450	235.66026124763985
2	451	235.66026124763985
2	452	0.0
2	453	235.66026124763985
2	454	0.0
2	455	235.66026124763985
2	456	235.66026124763985
2	457	471.3205224952797
2	458	235.66026124763985
2	459	0.0
2	460	0.0
2	461	235.66026124763985
2	462	0.0
2	463	0.0
2	464	0.0
2	465	0.0
2	466	235.66026124763985
2	467	0.0
2	468	0.0
2	469	0.0
2	470	0.0
2	471	471.3205224952797
2	472	0.0
2	473	0.0
2	474	235.66026124763985
2	475	0.0
2	476	235.66026124763985
2	477	235.66026124763985
2	478	235.66026124763985
2	479	0.0
2	480	235.66026124763985
2	481	0.0
2	482	0.0
2	483	0.0
2	484	235.66026124763985
2	485	235.66026124763985
2	486	235.66026124763985
2	487	235.66026124763985
2	488	0.0
2	489	471.3205224952797
2	490	235.66026124763985
2	491	0.0
2	492	0.0
2	493	235.66026124763985
2	494	235.66026124763985
2	495	235.66026124763985
2	496	235.66026124763985
2	497	471.3205224952797
2	498	0.0
2	499	235.66026124763985
2	500	0.0
2	501	471.3205224952797
2	502	0.0
2	503	0.0
2	504	0.0
2	505	471.3205224952797
2	506	471.3205224952797
2	507	235.66026124763985
2	508	0.0
2	509	471.3205224952797
2	510	0.0
2	511	0.0
2	512	471.3205224952797
2	513	471.3205224952797
2	514	0.0
2	515	235.66026124763985
2	516	471.3205224952797
2	517	471.3205224952797
2	518	235.66026124763985
2	519	471.3205224952797
2	520	471.3205224952797
2	521	471.3205224952797
2	522	471.3205224952797
2	523	235.66026124763985
2	524	235.66026124763985
2	525	235.66026124763985
2	526	471.3205224952797
2	527	0.0
2	528	235.66026124763985
2	529	235.66026124763985
2	530	235.66026124763985
2	531	235.66026124763985
2	532	0.0
2	533	235.66026124763985
2	534	235.66026124763985
2	535	0.0
2	536	471.3205224952797
2	537	471.3205224952797
2	538	471.3205224952797
2	539	235.66026124763985
2	540	0.0
2	541	235.66026124763985
2	542	0.0
2	543	0.0
2	544	471.3205224952797
2	545	471.3205224952797
2	546	235.66026124763985
2	547	235.66026124763985
2	548	0.0
2	549	471.3205224952797
2	550	235.66026124763985
2	551	471.3205224952797
2	552	235.66026124763985
2	553	0.0
2	554	0.0
2	555	0.0
2	556	235.66026124763985
2	557	235.66026124763985
2	558	0.0
2	559	0.0
2	560	0.0
2	561	0.0
2	562	235.66026124763985
2	563	0.0
2	564	235.66026124763985
2	565	0.0
2	566	235.66026124763985
2	567	0.0
2	568	0.0
2	569	0.0
2	570	471.3205224952797
2	571	471.3205224952797
2	572	471.3205224952797
2	573	0.0
2	574	471.3205224952797
2	575	0.0
2	576	235.66026124763985
2	577	0.0
2	578	0.0
2	579	471.3205224952797
2	580	235.66026124763985
2	581	235.66026124763985
2	582	235.66026124763985
2	583	0.0
2	584	471.3205224952797
2	585	0.0
2	586	471.3205224952797
2	587	235.66026124763985
2	588	0.0
2	589	235.66026124763985
2	590	0.0
2	591	235.66026124763985
2	592	235.66026124763985
2	593	235.66026124763985
2	594	0.0
2	595	0.0
2	596	235.66026124763985
2	597	471.3205224952797
2	598	235.66026124763985
2	599	0.0
2	600	235.66026124763985
2	601	235.66026124763985
2	602	0.0
2	603	235.66026124763985
2	604	0.0
2	605	0.0
2	606	235.66026124763985
2	607	471.3205224952797
2	608	235.66026124763985
2	609	235.66026124763985
2	610	471.3205224952797
2	611	471.3205224952797
2	612	471.3205224952797
2	613	0.0
2	614	235.66026124763985
2	615	235.66026124763985
2	616	471.3205224952797
2	617	235.66026124763985
2	618	235.66026124763985
2	619	0.0
2	620	0.0
2	621	471.3205224952797
2	622	471.3205224952797
2	623	471.3205224952797
2	624	0.0
2	625	0.0
2	626	235.66026124763985
2	627	235.66026124763985
2	628	0.0
2	629	235.66026124763985
2	630	471.3205224952797
2	631	471.3205224952797
2	632	235.66026124763985
2	633	235.66026124763985
2	634	235.66026124763985
2	635	235.66026124763985
2	636	235.66026124763985
2	637	471.3205224952797
2	638	0.0
2	639	0.0
2	640	471.3205224952797
2	641	0.0
2	642	0.0
2	643	235.66026124763985
2	644	471.3205224952797
2	645	0.0
2	646	471.3205224952797
2	647	235.66026124763985
2	648	235.66026124763985
2	649	471.3205224952797
2	650	235.66026124763985
2	651	0.0
2	652	235.66026124763985
2	653	235.66026124763985
2	654	0.0
2	655	235.66026124763985
2	656	471.3205224952797
2	657	235.66026124763985
2	658	0.0
2	659	471.3205224952797
2	660	235.66026124763985
2	661	0.0
2	662	471.3205224952797
2	663	235.66026124763985
2	664	0.0
2	665	235.66026124763985
2	666	0.0
2	667	471.3205224952797
2	668	235.66026124763985
2	669	471.3205224952797
2	670	235.66026124763985
2	671	235.66026124763985
2	672	235.66026124763985
2	673	235.66026124763985
2	674	0.0
2	675	0.0
2	676	471.3205224952797
2	677	0.0
2	678	471.3205224952797
2	679	0.0
2	680	0.0
2	681	0.0
2	682	471.3205224952797
2	683	0.0
2	684	235.66026124763985
2	685	471.3205224952797
2	686	235.66026124763985
2	687	471.3205224952797
2	688	235.66026124763985
2	689	235.66026124763985
2	690	235.66026124763985
2	691	471.3205224952797
2	692	0.0
2	693	0.0
2	694	0.0
2	695	235.66026124763985
2	696	0.0
2	697	235.66026124763985
2	698	235.66026124763985
2	699	0.0
2	700	235.66026124763985
2	701	235.66026124763985
2	702	471.3205224952797
2	703	235.66026124763985
2	704	0.0
2	705	235.66026124763985
2	706	235.66026124763985
2	707	235.66026124763985
2	708	235.66026124763985
2	709	0.0
2	710	0.0
2	711	235.66026124763985
2	712	0.0
2	713	235.66026124763985
2	714	0.0
2	715	0.0
2	716	235.66026124763985
2	717	235.66026124763985
2	718	235.66026124763985
2	719	0.0
2	720	235.66026124763985
2	721	471.3205224952797
2	722	235.66026124763985
2	723	0.0
2	724	235.66026124763985
2	725	235.66026124763985
2	726	0.0
2	727	235.66026124763985
2	728	0.0
2	729	0.0
2	730	235.66026124763985
2	731	0.0
2	732	0.0
2	733	471.3205224952797
2	734	235.66026124763985
2	735	235.66026124763985
2	736	0.0
2	737	0.0
2	738	0.0
2	739	0.0
2	740	471.3205224952797
2	741	471.3205224952797
2	742	0.0
2	743	0.0
2	744	0.0
2	745	0.0
2	746	0.0
2	747	235.66026124763985
2	748	0.0
2	749	0.0
2	750	0.0
2	751	235.66026124763985
2	752	471.3205224952797
2	753	235.66026124763985
2	754	235.66026124763985
2	755	0.0
2	756	0.0
2	757	0.0
2	758	235.66026124763985
2	759	0.0
2	760	471.3205224952797
2	761	471.3205224952797
2	762	235.66026124763985
2	763	0.0
2	764	235.66026124763985
2	765	0.0
2	766	0.0
2	767	235.66026124763985
2	768	0.0
2	769	0.0
2	770	0.0
2	771	471.3205224952797
2	772	0.0
2	773	0.0
2	774	235.66026124763985
2	775	0.0
2	776	235.66026124763985
2	777	235.66026124763985
2	778	235.66026124763985
2	779	235.66026124763985
2	780	471.3205224952797
2	781	235.66026124763985
2	782	235.66026124763985
2	783	235.66026124763985
2	784	0.0
2	785	0.0
2	786	0.0
2	787	0.0
2	788	0.0
2	789	235.66026124763985
2	790	471.3205224952797
2	791	0.0
2	792	471.3205224952797
2	793	0.0
2	794	235.66026124763985
2	795	235.66026124763985
2	796	0.0
2	797	471.3205224952797
2	798	0.0
2	799	235.66026124763985
2	800	235.66026124763985
2	801	0.0
2	802	471.3205224952797
2	803	235.66026124763985
2	804	471.3205224952797
2	805	235.66026124763985
2	806	0.0
2	807	0.0
2	808	0.0
2	809	0.0
2	810	471.3205224952797
2	811	0.0
2	812	235.66026124763985
2	813	235.66026124763985
2	814	471.3205224952797
2	815	0.0
2	816	235.66026124763985
2	817	235.66026124763985
2	818	471.3205224952797
2	819	235.66026124763985
2	820	0.0
2	821	235.66026124763985
2	822	0.0
2	823	0.0
2	824	0.0
2	825	235.66026124763985
2	826	235.66026124763985
2	827	235.66026124763985
2	828	0.0
2	829	0.0
2	830	471.3205224952797
2	831	471.3205224952797
2	832	235.66026124763985
2	833	235.66026124763985
2	834	471.3205224952797
2	835	0.0
2	836	235.66026124763985
2	837	235.66026124763985
2	838	0.0
2	839	235.66026124763985
2	840	471.3205224952797
2	841	0.0
2	842	0.0
2	843	235.66026124763985
2	844	471.3205224952797
2	845	471.3205224952797
2	846	0.0
2	847	0.0
2	848	235.66026124763985
2	849	0.0
2	850	235.66026124763985
2	851	235.66026124763985
2	852	471.3205224952797
2	853	0.0
2	854	235.66026124763985
2	855	471.3205224952797
2	856	471.3205224952797
2	857	0.0
2	858	0.0
2	859	235.66026124763985
2	860	0.0
2	861	235.66026124763985
2	862	0.0
2	863	0.0
2	864	0.0
2	865	235.66026124763985
2	866	0.0
2	867	471.3205224952797
2	868	0.0
2	869	471.3205224952797
2	870	235.66026124763985
2	871	235.66026124763985
2	872	471.3205224952797
2	873	235.66026124763985
2	874	235.66026124763985
2	875	235.66026124763985
2	876	0.0
2	877	0.0
2	878	235.66026124763985
2	879	235.66026124763985
2	880	0.0
2	881	0.0
2	882	0.0
2	883	235.66026124763985
2	884	235.66026124763985
2	885	471.3205224952797
2	886	235.66026124763985
2	887	471.3205224952797
2	888	235.66026124763985
2	889	0.0
2	890	0.0
2	891	235.66026124763985
2	892	0.0
2	893	235.66026124763985
2	894	471.3205224952797
2	895	235.66026124763985
2	896	235.66026124763985
2	897	0.0
2	898	0.0
2	899	0.0
2	900	0.0
2	901	0.0
2	902	235.66026124763985
2	903	235.66026124763985
2	904	0.0
2	905	0.0
2	906	0.0
2	907	471.3205224952797
2	908	235.66026124763985
2	909	0.0
2	910	235.66026124763985
2	911	0.0
2	912	235.66026124763985
2	913	471.3205224952797
2	914	0.0
2	915	0.0
2	916	235.66026124763985
2	917	0.0
2	918	471.3205224952797
2	919	0.0
2	920	0.0
2	921	0.0
2	922	0.0
2	923	235.66026124763985
2	924	235.66026124763985
2	925	235.66026124763985
2	926	471.3205224952797
2	927	0.0
2	928	0.0
2	929	0.0
2	930	235.66026124763985
2	931	0.0
2	932	235.66026124763985
2	933	0.0
2	934	235.66026124763985
2	935	235.66026124763985
2	936	235.66026124763985
2	937	0.0
2	938	0.0
2	939	471.3205224952797
2	940	471.3205224952797
2	941	471.3205224952797
2	942	471.3205224952797
2	943	235.66026124763985
2	944	235.66026124763985
2	945	0.0
2	946	0.0
2	947	235.66026124763985
2	948	235.66026124763985
2	949	0.0
2	950	235.66026124763985
2	951	0.0
2	952	0.0
2	953	235.66026124763985
2	954	0.0
2	955	0.0
2	956	273.14674016171296
2	957	471.3205224952797
2	958	235.66026124763985
2	959	471.3205224952797
2	960	235.66026124763985
2	961	0.0
2	962	471.3205224952797
2	963	235.66026124763985
2	964	0.0
2	965	0.0
2	966	0.0
2	967	235.66026124763985
2	968	471.3205224952797
2	969	235.66026124763985
2	970	0.0
2	971	471.3205224952797
2	972	0.0
2	973	471.3205224952797
2	974	0.0
2	975	235.66026124763985
2	976	235.66026124763985
2	977	471.3205224952797
2	978	471.3205224952797
2	979	471.3205224952797
2	980	0.0
2	981	235.66026124763985
2	982	471.3205224952797
2	983	235.66026124763985
2	984	0.0
2	985	0.0
2	986	0.0
2	987	0.0
2	988	471.3205224952797
2	989	235.66026124763985
2	990	0.0
2	991	0.0
2	992	0.0
2	993	0.0
2	994	235.66026124763985
2	995	235.66026124763985
2	996	0.0
2	997	471.3205224952797
2	998	0.0
2	999	235.66026124763985
2	1000	235.66026124763985
2	1001	471.3205224952797
2	1002	471.3205224952797
2	1003	235.66026124763985
2	1004	0.0
2	1005	0.0
2	1006	471.3205224952797
2	1007	0.0
2	1008	235.66026124763985
2	1009	235.66026124763985
2	1010	235.66026124763985
2	1011	235.66026124763985
2	1012	471.3205224952797
2	1013	471.3205224952797
2	1014	0.0
2	1015	471.3205224952797
2	1016	235.66026124763985
2	1017	273.14674016171296
2	1018	0.0
2	1019	0.0
2	1020	471.3205224952797
2	1021	0.0
2	1022	0.0
2	1023	235.66026124763985
2	1024	235.66026124763985
2	1025	0.0
2	1026	235.66026124763985
2	1027	235.66026124763985
2	1028	235.66026124763985
2	1029	0.0
3	0	235.66026124763985
3	1	235.66026124763985
3	2	471.3205224952797
3	3	235.66026124763985
3	4	235.66026124763985
3	5	235.66026124763985
3	6	235.66026124763985
3	7	235.66026124763985
3	8	235.66026124763985
3	9	235.66026124763985
3	10	235.66026124763985
3	11	235.66026124763985
3	12	235.66026124763985
3	13	235.66026124763985
3	14	235.66026124763985
3	15	235.66026124763985
3	16	235.66026124763985
3	17	235.66026124763985
3	18	235.66026124763985
3	19	235.66026124763985
3	20	706.9807837429095
3	21	706.9807837429095
3	22	235.66026124763985
3	23	235.66026124763985
3	24	235.66026124763985
3	25	235.66026124763985
3	26	235.66026124763985
3	27	235.66026124763985
3	28	706.9807837429095
3	29	235.66026124763985
3	30	235.66026124763985
3	31	471.3205224952797
3	32	235.66026124763985
3	33	235.66026124763985
3	34	235.66026124763985
3	35	235.66026124763985
3	36	235.66026124763985
3	37	235.66026124763985
3	38	235.66026124763985
3	39	235.66026124763985
3	40	235.66026124763985
3	41	235.66026124763985
3	42	235.66026124763985
3	43	235.66026124763985
3	44	235.66026124763985
3	45	235.66026124763985
3	46	235.66026124763985
3	47	235.66026124763985
3	48	235.66026124763985
3	49	235.66026124763985
3	50	235.66026124763985
3	51	235.66026124763985
3	52	235.66026124763985
3	53	235.66026124763985
3	54	235.66026124763985
3	55	235.66026124763985
3	56	235.66026124763985
3	57	235.66026124763985
3	58	235.66026124763985
3	59	235.66026124763985
3	60	235.66026124763985
3	61	235.66026124763985
3	62	235.66026124763985
3	63	235.66026124763985
3	64	235.66026124763985
3	65	235.66026124763985
3	66	235.66026124763985
3	67	235.66026124763985
3	68	235.66026124763985
3	69	471.3205224952797
3	70	471.3205224952797
3	71	471.3205224952797
3	72	471.3205224952797
3	73	471.3205224952797
3	74	235.66026124763985
3	75	235.66026124763985
3	76	471.3205224952797
3	77	235.66026124763985
3	78	471.3205224952797
3	79	235.66026124763985
3	80	235.66026124763985
3	81	471.3205224952797
3	82	235.66026124763985
3	83	235.66026124763985
3	84	235.66026124763985
3	85	471.3205224952797
3	86	471.3205224952797
3	87	235.66026124763985
3	88	235.66026124763985
3	89	235.66026124763985
3	90	235.66026124763985
3	91	235.66026124763985
3	92	235.66026124763985
3	93	235.66026124763985
3	94	235.66026124763985
3	95	235.66026124763985
3	96	235.66026124763985
3	97	235.66026124763985
3	98	235.66026124763985
3	99	235.66026124763985
3	100	235.66026124763985
3	101	235.66026124763985
3	102	235.66026124763985
3	103	235.66026124763985
3	104	235.66026124763985
3	105	235.66026124763985
3	106	235.66026124763985
3	107	235.66026124763985
3	108	235.66026124763985
3	109	235.66026124763985
3	110	235.66026124763985
3	111	235.66026124763985
3	112	235.66026124763985
3	113	235.66026124763985
3	114	235.66026124763985
3	115	235.66026124763985
3	116	235.66026124763985
3	117	235.66026124763985
3	118	235.66026124763985
3	119	235.66026124763985
3	120	235.66026124763985
3	121	235.66026124763985
3	122	235.66026124763985
3	123	235.66026124763985
3	124	235.66026124763985
3	125	235.66026124763985
3	126	235.66026124763985
3	127	235.66026124763985
3	128	235.66026124763985
3	129	235.66026124763985
3	130	235.66026124763985
3	131	235.66026124763985
3	132	235.66026124763985
3	133	235.66026124763985
3	134	235.66026124763985
3	135	235.66026124763985
3	136	235.66026124763985
3	137	235.66026124763985
3	138	235.66026124763985
3	139	235.66026124763985
3	140	235.66026124763985
3	141	235.66026124763985
3	142	471.3205224952797
3	143	235.66026124763985
3	144	235.66026124763985
3	145	235.66026124763985
3	146	235.66026124763985
3	147	235.66026124763985
3	148	235.66026124763985
3	149	471.3205224952797
3	150	235.66026124763985
3	151	235.66026124763985
3	152	235.66026124763985
3	153	471.3205224952797
3	154	235.66026124763985
3	155	235.66026124763985
3	156	235.66026124763985
3	157	235.66026124763985
3	158	235.66026124763985
3	159	235.66026124763985
3	160	235.66026124763985
3	161	235.66026124763985
3	162	235.66026124763985
3	163	235.66026124763985
3	164	235.66026124763985
3	165	235.66026124763985
3	166	235.66026124763985
3	167	235.66026124763985
3	168	235.66026124763985
3	169	235.66026124763985
3	170	235.66026124763985
3	171	235.66026124763985
3	172	235.66026124763985
3	173	235.66026124763985
3	174	235.66026124763985
3	175	235.66026124763985
3	176	235.66026124763985
3	177	235.66026124763985
3	178	471.3205224952797
3	179	471.3205224952797
3	180	471.3205224952797
3	181	235.66026124763985
3	182	706.9807837429095
3	183	706.9807837429095
3	184	706.9807837429095
3	185	706.9807837429095
3	186	706.9807837429095
3	187	706.9807837429095
3	188	706.9807837429095
3	189	471.3205224952797
3	190	471.3205224952797
3	191	471.3205224952797
3	192	471.3205224952797
3	193	471.3205224952797
3	194	706.9807837429095
3	195	706.9807837429095
3	196	706.9807837429095
3	197	706.9807837429095
3	198	471.3205224952797
3	199	471.3205224952797
3	200	471.3205224952797
3	201	471.3205224952797
3	202	471.3205224952797
3	203	706.9807837429095
3	204	706.9807837429095
3	205	706.9807837429095
3	206	706.9807837429095
3	207	706.9807837429095
3	208	235.66026124763985
3	209	235.66026124763985
3	210	235.66026124763985
3	211	235.66026124763985
3	212	235.66026124763985
3	213	235.66026124763985
3	214	235.66026124763985
3	215	235.66026124763985
3	216	235.66026124763985
3	217	235.66026124763985
3	218	235.66026124763985
3	219	235.66026124763985
3	220	235.66026124763985
3	221	235.66026124763985
3	222	235.66026124763985
3	223	235.66026124763985
3	224	235.66026124763985
3	225	235.66026124763985
3	226	235.66026124763985
3	227	235.66026124763985
3	228	235.66026124763985
3	229	235.66026124763985
3	230	235.66026124763985
3	231	235.66026124763985
3	232	235.66026124763985
3	233	235.66026124763985
3	234	706.9807837429095
3	235	235.66026124763985
3	236	235.66026124763985
3	237	235.66026124763985
3	238	471.3205224952797
3	239	235.66026124763985
3	240	235.66026124763985
3	241	235.66026124763985
3	242	235.66026124763985
3	243	235.66026124763985
3	244	235.66026124763985
3	245	235.66026124763985
3	246	235.66026124763985
3	247	235.66026124763985
3	248	235.66026124763985
3	249	235.66026124763985
3	250	235.66026124763985
3	251	235.66026124763985
3	252	235.66026124763985
3	253	235.66026124763985
3	254	471.3205224952797
3	255	235.66026124763985
3	256	235.66026124763985
3	257	235.66026124763985
3	258	235.66026124763985
3	259	235.66026124763985
3	260	235.66026124763985
3	261	235.66026124763985
3	262	235.66026124763985
3	263	235.66026124763985
3	264	235.66026124763985
3	265	235.66026124763985
3	266	235.66026124763985
3	267	235.66026124763985
3	268	235.66026124763985
3	269	235.66026124763985
3	270	235.66026124763985
3	271	235.66026124763985
3	272	706.9807837429095
3	273	235.66026124763985
3	274	235.66026124763985
3	275	235.66026124763985
3	276	235.66026124763985
3	277	235.66026124763985
3	278	235.66026124763985
3	279	235.66026124763985
3	280	235.66026124763985
3	281	235.66026124763985
3	282	235.66026124763985
3	283	471.3205224952797
3	284	235.66026124763985
3	285	235.66026124763985
3	286	235.66026124763985
3	287	235.66026124763985
3	288	235.66026124763985
3	289	235.66026124763985
3	290	471.3205224952797
3	291	235.66026124763985
3	292	235.66026124763985
3	293	235.66026124763985
3	294	235.66026124763985
3	295	235.66026124763985
3	296	235.66026124763985
3	297	235.66026124763985
3	298	235.66026124763985
3	299	235.66026124763985
3	300	235.66026124763985
3	301	235.66026124763985
3	302	235.66026124763985
3	303	235.66026124763985
3	304	471.3205224952797
3	305	471.3205224952797
3	306	235.66026124763985
3	307	235.66026124763985
3	308	235.66026124763985
3	309	235.66026124763985
3	310	235.66026124763985
3	311	235.66026124763985
3	312	235.66026124763985
3	313	235.66026124763985
3	314	235.66026124763985
3	315	235.66026124763985
3	316	235.66026124763985
3	317	235.66026124763985
3	318	235.66026124763985
3	319	235.66026124763985
3	320	706.9807837429095
3	321	235.66026124763985
3	322	235.66026124763985
3	323	235.66026124763985
3	324	235.66026124763985
3	325	235.66026124763985
3	326	235.66026124763985
3	327	235.66026124763985
3	328	235.66026124763985
3	329	235.66026124763985
3	330	235.66026124763985
3	331	235.66026124763985
3	332	235.66026124763985
3	333	235.66026124763985
3	334	235.66026124763985
3	335	235.66026124763985
3	336	235.66026124763985
3	337	235.66026124763985
3	338	235.66026124763985
3	339	471.3205224952797
3	340	235.66026124763985
3	341	235.66026124763985
3	342	235.66026124763985
3	343	235.66026124763985
3	344	471.3205224952797
3	345	471.3205224952797
3	346	235.66026124763985
3	347	235.66026124763985
3	348	235.66026124763985
3	349	235.66026124763985
3	350	235.66026124763985
3	351	235.66026124763985
3	352	235.66026124763985
3	353	235.66026124763985
3	354	235.66026124763985
3	355	235.66026124763985
3	356	235.66026124763985
3	357	235.66026124763985
3	358	235.66026124763985
3	359	235.66026124763985
3	360	235.66026124763985
3	361	235.66026124763985
3	362	235.66026124763985
3	363	235.66026124763985
3	364	235.66026124763985
3	365	235.66026124763985
3	366	235.66026124763985
3	367	235.66026124763985
3	368	235.66026124763985
3	369	235.66026124763985
3	370	235.66026124763985
3	371	235.66026124763985
3	372	235.66026124763985
3	373	235.66026124763985
3	374	235.66026124763985
3	375	235.66026124763985
3	376	235.66026124763985
3	377	235.66026124763985
3	378	235.66026124763985
3	379	235.66026124763985
3	380	471.3205224952797
3	381	235.66026124763985
3	382	706.9807837429095
3	383	235.66026124763985
3	384	235.66026124763985
3	385	235.66026124763985
3	386	235.66026124763985
3	387	0.0
3	388	235.66026124763985
3	389	235.66026124763985
3	390	0.0
3	391	0.0
3	392	471.3205224952797
3	393	0.0
3	394	0.0
3	395	235.66026124763985
3	396	0.0
3	397	0.0
3	398	0.0
3	399	0.0
3	400	235.66026124763985
3	401	471.3205224952797
3	402	235.66026124763985
3	403	0.0
3	404	235.66026124763985
3	405	0.0
3	406	0.0
3	407	471.3205224952797
3	408	235.66026124763985
3	409	471.3205224952797
3	410	0.0
3	411	235.66026124763985
3	412	235.66026124763985
3	413	0.0
3	414	235.66026124763985
3	415	235.66026124763985
3	416	471.3205224952797
3	417	0.0
3	418	0.0
3	419	0.0
3	420	0.0
3	421	0.0
3	422	0.0
3	423	0.0
3	424	235.66026124763985
3	425	0.0
3	426	235.66026124763985
3	427	471.3205224952797
3	428	471.3205224952797
3	429	235.66026124763985
3	430	0.0
3	431	0.0
3	432	0.0
3	433	0.0
3	434	471.3205224952797
3	435	471.3205224952797
3	436	0.0
3	437	0.0
3	438	235.66026124763985
3	439	0.0
3	440	471.3205224952797
3	441	235.66026124763985
3	442	0.0
3	443	0.0
3	444	235.66026124763985
3	445	235.66026124763985
3	446	0.0
3	447	235.66026124763985
3	448	0.0
3	449	0.0
3	450	235.66026124763985
3	451	0.0
3	452	471.3205224952797
3	453	0.0
3	454	471.3205224952797
3	455	235.66026124763985
3	456	471.3205224952797
3	457	235.66026124763985
3	458	471.3205224952797
3	459	235.66026124763985
3	460	235.66026124763985
3	461	235.66026124763985
3	462	471.3205224952797
3	463	235.66026124763985
3	464	471.3205224952797
3	465	235.66026124763985
3	466	235.66026124763985
3	467	235.66026124763985
3	468	0.0
3	469	471.3205224952797
3	470	471.3205224952797
3	471	471.3205224952797
3	472	471.3205224952797
3	473	235.66026124763985
3	474	471.3205224952797
3	475	0.0
3	476	0.0
3	477	471.3205224952797
3	478	0.0
3	479	0.0
3	480	471.3205224952797
3	481	235.66026124763985
3	482	235.66026124763985
3	483	0.0
3	484	235.66026124763985
3	485	0.0
3	486	471.3205224952797
3	487	0.0
3	488	0.0
3	489	471.3205224952797
3	490	471.3205224952797
3	491	235.66026124763985
3	492	471.3205224952797
3	493	471.3205224952797
3	494	471.3205224952797
3	495	471.3205224952797
3	496	471.3205224952797
3	497	0.0
3	498	0.0
3	499	471.3205224952797
3	500	0.0
3	501	0.0
3	502	0.0
3	503	235.66026124763985
3	504	471.3205224952797
3	505	0.0
3	506	471.3205224952797
3	507	0.0
3	508	0.0
3	509	0.0
3	510	0.0
3	511	0.0
3	512	471.3205224952797
3	513	235.66026124763985
3	514	471.3205224952797
3	515	0.0
3	516	0.0
3	517	235.66026124763985
3	518	471.3205224952797
3	519	471.3205224952797
3	520	0.0
3	521	0.0
3	522	471.3205224952797
3	523	0.0
3	524	0.0
3	525	471.3205224952797
3	526	471.3205224952797
3	527	235.66026124763985
3	528	0.0
3	529	0.0
3	530	0.0
3	531	235.66026124763985
3	532	235.66026124763985
3	533	0.0
3	534	235.66026124763985
3	535	235.66026124763985
3	536	471.3205224952797
3	537	235.66026124763985
3	538	0.0
3	539	273.14674016171296
3	540	235.66026124763985
3	541	235.66026124763985
3	542	0.0
3	543	0.0
3	544	471.3205224952797
3	545	0.0
3	546	235.66026124763985
3	547	0.0
3	548	0.0
3	549	471.3205224952797
3	550	0.0
3	551	235.66026124763985
3	552	235.66026124763985
3	553	0.0
3	554	235.66026124763985
3	555	235.66026124763985
3	556	235.66026124763985
3	557	235.66026124763985
3	558	471.3205224952797
3	559	235.66026124763985
3	560	235.66026124763985
3	561	235.66026124763985
3	562	235.66026124763985
3	563	471.3205224952797
3	564	235.66026124763985
3	565	471.3205224952797
3	566	235.66026124763985
3	567	235.66026124763985
3	568	0.0
3	569	235.66026124763985
3	570	235.66026124763985
3	571	471.3205224952797
3	572	0.0
3	573	0.0
3	574	0.0
3	575	0.0
3	576	235.66026124763985
3	577	471.3205224952797
3	578	0.0
3	579	235.66026124763985
3	580	0.0
3	581	235.66026124763985
3	582	235.66026124763985
3	583	0.0
3	584	235.66026124763985
3	585	0.0
3	586	0.0
3	587	0.0
3	588	0.0
3	589	0.0
3	590	471.3205224952797
3	591	0.0
3	592	235.66026124763985
3	593	471.3205224952797
3	594	0.0
3	595	0.0
3	596	235.66026124763985
3	597	471.3205224952797
3	598	471.3205224952797
3	599	235.66026124763985
3	600	0.0
3	601	235.66026124763985
3	602	235.66026124763985
3	603	471.3205224952797
3	604	471.3205224952797
3	605	471.3205224952797
3	606	235.66026124763985
3	607	0.0
3	608	235.66026124763985
3	609	235.66026124763985
3	610	235.66026124763985
3	611	0.0
3	612	0.0
3	613	471.3205224952797
3	614	471.3205224952797
3	615	0.0
3	616	0.0
3	617	0.0
3	618	0.0
3	619	0.0
3	620	471.3205224952797
3	621	0.0
3	622	235.66026124763985
3	623	235.66026124763985
3	624	235.66026124763985
3	625	0.0
3	626	235.66026124763985
3	627	235.66026124763985
3	628	235.66026124763985
3	629	0.0
3	630	0.0
3	631	0.0
3	632	0.0
3	633	0.0
3	634	0.0
3	635	235.66026124763985
3	636	235.66026124763985
3	637	0.0
3	638	235.66026124763985
3	639	235.66026124763985
3	640	235.66026124763985
3	641	235.66026124763985
3	642	235.66026124763985
3	643	0.0
3	644	0.0
3	645	235.66026124763985
3	646	235.66026124763985
3	647	235.66026124763985
3	648	471.3205224952797
3	649	0.0
3	650	471.3205224952797
3	651	235.66026124763985
3	652	0.0
3	653	235.66026124763985
3	654	0.0
3	655	235.66026124763985
3	656	0.0
3	657	235.66026124763985
3	658	235.66026124763985
3	659	235.66026124763985
3	660	235.66026124763985
3	661	0.0
3	662	235.66026124763985
3	663	235.66026124763985
3	664	0.0
3	665	0.0
3	666	0.0
3	667	235.66026124763985
3	668	235.66026124763985
3	669	471.3205224952797
3	670	0.0
3	671	0.0
3	672	235.66026124763985
3	673	0.0
3	674	235.66026124763985
3	675	0.0
3	676	235.66026124763985
3	677	235.66026124763985
3	678	0.0
3	679	0.0
3	680	0.0
3	681	235.66026124763985
3	682	0.0
3	683	235.66026124763985
3	684	0.0
3	685	0.0
3	686	235.66026124763985
3	687	235.66026124763985
3	688	0.0
3	689	0.0
3	690	0.0
3	691	0.0
3	692	235.66026124763985
3	693	235.66026124763985
3	694	0.0
3	695	235.66026124763985
3	696	471.3205224952797
3	697	235.66026124763985
3	698	0.0
3	699	0.0
3	700	471.3205224952797
3	701	235.66026124763985
3	702	235.66026124763985
3	703	235.66026124763985
3	704	471.3205224952797
3	705	235.66026124763985
3	706	273.14674016171296
3	707	235.66026124763985
3	708	471.3205224952797
3	709	0.0
3	710	471.3205224952797
3	711	471.3205224952797
3	712	471.3205224952797
3	713	0.0
3	714	235.66026124763985
3	715	235.66026124763985
3	716	471.3205224952797
3	717	235.66026124763985
3	718	0.0
3	719	471.3205224952797
3	720	0.0
3	721	0.0
3	722	471.3205224952797
3	723	0.0
3	724	235.66026124763985
3	725	235.66026124763985
3	726	235.66026124763985
3	727	0.0
3	728	0.0
3	729	235.66026124763985
3	730	0.0
3	731	235.66026124763985
3	732	235.66026124763985
3	733	0.0
3	734	471.3205224952797
3	735	235.66026124763985
3	736	235.66026124763985
3	737	235.66026124763985
3	738	235.66026124763985
3	739	0.0
3	740	0.0
3	741	471.3205224952797
3	742	0.0
3	743	0.0
3	744	471.3205224952797
3	745	235.66026124763985
3	746	0.0
3	747	0.0
3	748	0.0
3	749	235.66026124763985
3	750	0.0
3	751	235.66026124763985
3	752	471.3205224952797
3	753	235.66026124763985
3	754	471.3205224952797
3	755	235.66026124763985
3	756	235.66026124763985
3	757	471.3205224952797
3	758	471.3205224952797
3	759	0.0
3	760	235.66026124763985
3	761	235.66026124763985
3	762	235.66026124763985
3	763	471.3205224952797
3	764	471.3205224952797
3	765	471.3205224952797
3	766	235.66026124763985
3	767	235.66026124763985
3	768	235.66026124763985
3	769	0.0
3	770	235.66026124763985
3	771	235.66026124763985
3	772	235.66026124763985
3	773	235.66026124763985
3	774	0.0
3	775	235.66026124763985
3	776	0.0
3	777	235.66026124763985
3	778	471.3205224952797
3	779	0.0
3	780	235.66026124763985
3	781	471.3205224952797
3	782	471.3205224952797
3	783	471.3205224952797
3	784	235.66026124763985
3	785	0.0
3	786	235.66026124763985
3	787	0.0
3	788	471.3205224952797
3	789	0.0
3	790	0.0
3	791	235.66026124763985
3	792	471.3205224952797
3	793	235.66026124763985
3	794	471.3205224952797
3	795	0.0
3	796	471.3205224952797
3	797	471.3205224952797
3	798	235.66026124763985
3	799	0.0
3	800	235.66026124763985
3	801	235.66026124763985
3	802	0.0
3	803	235.66026124763985
3	804	471.3205224952797
3	805	471.3205224952797
3	806	0.0
3	807	471.3205224952797
3	808	235.66026124763985
3	809	0.0
3	810	471.3205224952797
3	811	0.0
3	812	235.66026124763985
3	813	0.0
3	814	0.0
3	815	0.0
3	816	235.66026124763985
3	817	235.66026124763985
3	818	0.0
3	819	471.3205224952797
3	820	471.3205224952797
3	821	0.0
3	822	0.0
3	823	0.0
3	824	235.66026124763985
3	825	0.0
3	826	471.3205224952797
3	827	471.3205224952797
3	828	0.0
3	829	0.0
3	830	471.3205224952797
3	831	0.0
3	832	235.66026124763985
3	833	471.3205224952797
3	834	0.0
3	835	235.66026124763985
3	836	0.0
3	837	235.66026124763985
3	838	471.3205224952797
3	839	0.0
3	840	235.66026124763985
3	841	0.0
3	842	0.0
3	843	235.66026124763985
3	844	0.0
3	845	471.3205224952797
3	846	235.66026124763985
3	847	0.0
3	848	0.0
3	849	0.0
3	850	235.66026124763985
3	851	0.0
3	852	235.66026124763985
3	853	0.0
3	854	471.3205224952797
3	855	235.66026124763985
3	856	235.66026124763985
3	857	0.0
3	858	235.66026124763985
3	859	0.0
3	860	471.3205224952797
3	861	471.3205224952797
3	862	235.66026124763985
3	863	0.0
3	864	235.66026124763985
3	865	0.0
3	866	0.0
3	867	235.66026124763985
3	868	471.3205224952797
3	869	471.3205224952797
3	870	235.66026124763985
3	871	471.3205224952797
3	872	0.0
3	873	235.66026124763985
3	874	471.3205224952797
3	875	0.0
3	876	235.66026124763985
3	877	471.3205224952797
3	878	0.0
3	879	235.66026124763985
3	880	235.66026124763985
3	881	235.66026124763985
3	882	235.66026124763985
3	883	0.0
3	884	0.0
3	885	471.3205224952797
3	886	0.0
3	887	471.3205224952797
3	888	0.0
3	889	235.66026124763985
3	890	471.3205224952797
3	891	0.0
3	892	0.0
3	893	471.3205224952797
3	894	471.3205224952797
3	895	471.3205224952797
3	896	471.3205224952797
3	897	235.66026124763985
3	898	0.0
3	899	471.3205224952797
3	900	235.66026124763985
3	901	235.66026124763985
3	902	235.66026124763985
3	903	0.0
3	904	0.0
3	905	471.3205224952797
3	906	0.0
3	907	235.66026124763985
3	908	0.0
3	909	0.0
3	910	0.0
3	911	0.0
3	912	471.3205224952797
3	913	0.0
3	914	235.66026124763985
3	915	235.66026124763985
3	916	0.0
3	917	0.0
3	918	0.0
3	919	0.0
3	920	471.3205224952797
3	921	471.3205224952797
3	922	235.66026124763985
3	923	235.66026124763985
3	924	235.66026124763985
3	925	0.0
3	926	471.3205224952797
3	927	0.0
3	928	0.0
3	929	471.3205224952797
3	930	235.66026124763985
3	931	0.0
3	932	471.3205224952797
3	933	471.3205224952797
3	934	471.3205224952797
3	935	471.3205224952797
3	936	471.3205224952797
3	937	0.0
3	938	0.0
3	939	471.3205224952797
3	940	0.0
3	941	235.66026124763985
3	942	0.0
3	943	0.0
3	944	0.0
3	945	0.0
3	946	235.66026124763985
3	947	235.66026124763985
3	948	0.0
3	949	0.0
3	950	235.66026124763985
3	951	235.66026124763985
3	952	0.0
3	953	471.3205224952797
3	954	471.3205224952797
3	955	235.66026124763985
3	956	471.3205224952797
3	957	471.3205224952797
3	958	235.66026124763985
3	959	0.0
3	960	0.0
3	961	235.66026124763985
3	962	235.66026124763985
3	963	235.66026124763985
3	964	235.66026124763985
3	965	235.66026124763985
3	966	0.0
3	967	235.66026124763985
3	968	471.3205224952797
3	969	235.66026124763985
3	970	235.66026124763985
3	971	0.0
3	972	0.0
3	973	235.66026124763985
3	974	235.66026124763985
3	975	235.66026124763985
3	976	235.66026124763985
3	977	471.3205224952797
3	978	0.0
3	979	235.66026124763985
3	980	0.0
3	981	235.66026124763985
3	982	0.0
3	983	471.3205224952797
3	984	0.0
3	985	0.0
3	986	0.0
3	987	0.0
3	988	235.66026124763985
3	989	0.0
3	990	0.0
3	991	0.0
3	992	0.0
3	993	471.3205224952797
3	994	471.3205224952797
3	995	471.3205224952797
3	996	235.66026124763985
3	997	235.66026124763985
3	998	471.3205224952797
3	999	0.0
3	1000	0.0
3	1001	0.0
3	1002	471.3205224952797
3	1003	0.0
3	1004	235.66026124763985
3	1005	0.0
3	1006	235.66026124763985
3	1007	0.0
3	1008	471.3205224952797
3	1009	235.66026124763985
3	1010	235.66026124763985
3	1011	235.66026124763985
3	1012	0.0
3	1013	0.0
3	1014	471.3205224952797
3	1015	0.0
3	1016	235.66026124763985
3	1017	235.66026124763985
3	1018	0.0
3	1019	235.66026124763985
3	1020	235.66026124763985
3	1021	471.3205224952797
3	1022	235.66026124763985
3	1023	235.66026124763985
3	1024	235.66026124763985
3	1025	0.0
3	1026	0.0
3	1027	235.66026124763985
3	1028	0.0
3	1029	0.0
3	1030	235.66026124763985
3	1031	235.66026124763985
3	1032	235.66026124763985
3	1033	471.3205224952797
3	1034	0.0
3	1035	0.0
3	1036	235.66026124763985
3	1037	235.66026124763985
3	1038	235.66026124763985
3	1039	235.66026124763985
3	1040	471.3205224952797
3	1041	0.0
3	1042	235.66026124763985
3	1043	0.0
3	1044	235.66026124763985
3	1045	471.3205224952797
3	1046	0.0
3	1047	0.0
3	1048	0.0
3	1049	471.3205224952797
3	1050	0.0
3	1051	0.0
3	1052	471.3205224952797
3	1053	235.66026124763985
3	1054	235.66026124763985
3	1055	0.0
3	1056	0.0
3	1057	471.3205224952797
3	1058	0.0
3	1059	0.0
3	1060	471.3205224952797
3	1061	235.66026124763985
3	1062	0.0
3	1063	0.0
3	1064	0.0
3	1065	235.66026124763985
3	1066	235.66026124763985
3	1067	0.0
3	1068	235.66026124763985
3	1069	471.3205224952797
3	1070	235.66026124763985
3	1071	235.66026124763985
3	1072	471.3205224952797
3	1073	0.0
3	1074	0.0
3	1075	235.66026124763985
3	1076	471.3205224952797
3	1077	0.0
3	1078	235.66026124763985
3	1079	235.66026124763985
3	1080	235.66026124763985
3	1081	0.0
3	1082	235.66026124763985
3	1083	471.3205224952797
3	1084	235.66026124763985
3	1085	0.0
3	1086	235.66026124763985
3	1087	0.0
3	1088	235.66026124763985
3	1089	0.0
3	1090	0.0
3	1091	0.0
3	1092	235.66026124763985
3	1093	0.0
3	1094	0.0
3	1095	235.66026124763985
3	1096	235.66026124763985
3	1097	0.0
3	1098	0.0
3	1099	235.66026124763985
3	1100	235.66026124763985
3	1101	0.0
3	1102	235.66026124763985
3	1103	235.66026124763985
3	1104	0.0
3	1105	235.66026124763985
3	1106	235.66026124763985
3	1107	235.66026124763985
3	1108	471.3205224952797
3	1109	471.3205224952797
3	1110	0.0
3	1111	471.3205224952797
3	1112	0.0
3	1113	0.0
3	1114	235.66026124763985
3	1115	471.3205224952797
3	1116	471.3205224952797
3	1117	235.66026124763985
3	1118	235.66026124763985
3	1119	471.3205224952797
3	1120	235.66026124763985
3	1121	471.3205224952797
3	1122	235.66026124763985
3	1123	235.66026124763985
3	1124	235.66026124763985
3	1125	0.0
3	1126	235.66026124763985
3	1127	0.0
3	1128	0.0
3	1129	0.0
3	1130	0.0
3	1131	471.3205224952797
3	1132	235.66026124763985
3	1133	0.0
3	1134	0.0
3	1135	471.3205224952797
3	1136	0.0
3	1137	471.3205224952797
3	1138	0.0
3	1139	0.0
3	1140	471.3205224952797
3	1141	235.66026124763985
3	1142	235.66026124763985
3	1143	471.3205224952797
3	1144	471.3205224952797
3	1145	0.0
3	1146	0.0
3	1147	0.0
3	1148	0.0
3	1149	0.0
3	1150	0.0
3	1151	0.0
3	1152	0.0
3	1153	471.3205224952797
3	1154	0.0
3	1155	235.66026124763985
3	1156	235.66026124763985
3	1157	235.66026124763985
3	1158	235.66026124763985
3	1159	471.3205224952797
3	1160	0.0
3	1161	0.0
3	1162	235.66026124763985
3	1163	0.0
3	1164	235.66026124763985
3	1165	0.0
3	1166	0.0
3	1167	235.66026124763985
3	1168	235.66026124763985
3	1169	235.66026124763985
3	1170	0.0
3	1171	471.3205224952797
3	1172	235.66026124763985
3	1173	0.0
3	1174	471.3205224952797
3	1175	235.66026124763985
3	1176	0.0
3	1177	0.0
3	1178	471.3205224952797
3	1179	235.66026124763985
3	1180	235.66026124763985
3	1181	471.3205224952797
3	1182	235.66026124763985
3	1183	471.3205224952797
3	1184	0.0
3	1185	235.66026124763985
3	1186	0.0
3	1187	471.3205224952797
3	1188	235.66026124763985
3	1189	0.0
3	1190	0.0
3	1191	235.66026124763985
3	1192	235.66026124763985
3	1193	0.0
3	1194	235.66026124763985
3	1195	471.3205224952797
3	1196	0.0
3	1197	235.66026124763985
3	1198	471.3205224952797
3	1199	0.0
3	1200	235.66026124763985
3	1201	235.66026124763985
3	1202	235.66026124763985
3	1203	235.66026124763985
3	1204	235.66026124763985
3	1205	471.3205224952797
3	1206	235.66026124763985
3	1207	0.0
3	1208	235.66026124763985
3	1209	0.0
3	1210	0.0
3	1211	0.0
3	1212	471.3205224952797
3	1213	0.0
3	1214	235.66026124763985
3	1215	0.0
3	1216	471.3205224952797
3	1217	471.3205224952797
3	1218	0.0
3	1219	471.3205224952797
3	1220	0.0
3	1221	235.66026124763985
3	1222	235.66026124763985
3	1223	235.66026124763985
3	1224	0.0
3	1225	235.66026124763985
3	1226	235.66026124763985
3	1227	0.0
3	1228	235.66026124763985
3	1229	0.0
3	1230	0.0
3	1231	471.3205224952797
3	1232	235.66026124763985
3	1233	471.3205224952797
3	1234	471.3205224952797
3	1235	0.0
3	1236	0.0
3	1237	0.0
3	1238	471.3205224952797
3	1239	471.3205224952797
3	1240	0.0
3	1241	0.0
3	1242	235.66026124763985
3	1243	0.0
3	1244	235.66026124763985
3	1245	0.0
3	1246	471.3205224952797
3	1247	0.0
3	1248	0.0
3	1249	0.0
3	1250	235.66026124763985
3	1251	235.66026124763985
3	1252	471.3205224952797
3	1253	0.0
3	1254	0.0
3	1255	0.0
3	1256	0.0
3	1257	0.0
3	1258	235.66026124763985
3	1259	471.3205224952797
3	1260	471.3205224952797
3	1261	235.66026124763985
3	1262	235.66026124763985
3	1263	235.66026124763985
3	1264	235.66026124763985
3	1265	0.0
3	1266	471.3205224952797
3	1267	235.66026124763985
3	1268	235.66026124763985
3	1269	235.66026124763985
3	1270	235.66026124763985
3	1271	0.0
3	1272	471.3205224952797
3	1273	235.66026124763985
3	1274	235.66026124763985
3	1275	0.0
3	1276	0.0
3	1277	471.3205224952797
3	1278	0.0
3	1279	471.3205224952797
3	1280	471.3205224952797
3	1281	235.66026124763985
3	1282	471.3205224952797
3	1283	235.66026124763985
3	1284	235.66026124763985
3	1285	0.0
3	1286	0.0
3	1287	235.66026124763985
3	1288	0.0
3	1289	0.0
3	1290	471.3205224952797
3	1291	235.66026124763985
3	1292	0.0
3	1293	471.3205224952797
3	1294	0.0
3	1295	0.0
3	1296	235.66026124763985
3	1297	235.66026124763985
3	1298	471.3205224952797
3	1299	0.0
3	1300	0.0
3	1301	471.3205224952797
3	1302	0.0
3	1303	235.66026124763985
3	1304	235.66026124763985
3	1305	0.0
3	1306	0.0
3	1307	471.3205224952797
3	1308	235.66026124763985
3	1309	235.66026124763985
3	1310	0.0
3	1311	0.0
3	1312	235.66026124763985
3	1313	471.3205224952797
3	1314	235.66026124763985
3	1315	0.0
3	1316	0.0
3	1317	0.0
3	1318	0.0
3	1319	0.0
3	1320	0.0
3	1321	235.66026124763985
3	1322	471.3205224952797
3	1323	235.66026124763985
3	1324	235.66026124763985
3	1325	0.0
3	1326	235.66026124763985
3	1327	471.3205224952797
3	1328	235.66026124763985
3	1329	0.0
3	1330	471.3205224952797
3	1331	235.66026124763985
3	1332	471.3205224952797
3	1333	235.66026124763985
3	1334	471.3205224952797
3	1335	235.66026124763985
3	1336	471.3205224952797
3	1337	471.3205224952797
3	1338	235.66026124763985
3	1339	235.66026124763985
3	1340	0.0
3	1341	273.14674016171296
3	1342	235.66026124763985
3	1343	471.3205224952797
3	1344	235.66026124763985
3	1345	235.66026124763985
3	1346	235.66026124763985
3	1347	0.0
3	1348	471.3205224952797
3	1349	235.66026124763985
3	1350	0.0
3	1351	471.3205224952797
3	1352	0.0
3	1353	471.3205224952797
3	1354	0.0
3	1355	235.66026124763985
3	1356	235.66026124763985
3	1357	0.0
3	1358	0.0
3	1359	235.66026124763985
3	1360	235.66026124763985
3	1361	0.0
3	1362	471.3205224952797
3	1363	235.66026124763985
3	1364	235.66026124763985
3	1365	235.66026124763985
3	1366	0.0
3	1367	235.66026124763985
3	1368	0.0
3	1369	0.0
3	1370	235.66026124763985
3	1371	471.3205224952797
3	1372	0.0
3	1373	471.3205224952797
3	1374	235.66026124763985
3	1375	471.3205224952797
3	1376	471.3205224952797
3	1377	235.66026124763985
3	1378	0.0
3	1379	235.66026124763985
3	1380	0.0
3	1381	0.0
3	1382	0.0
3	1383	0.0
3	1384	0.0
3	1385	0.0
3	1386	235.66026124763985
